3576
3820
2651
5186
5186
1403
1403
1403
1403
1403
1403
1403
1403
3270
3270
3270
3270
3270
3270
9264
9264
9264
8539
8539
8539
8539
7496
7496
7496
4871
4871
3239
4596
6468
6468
1026
2651
3820
3820
9252
9252
9252
9252
9252
9252
9252
9252
6910
6910
6910
6910
6910
6910
2885
2885
2885
8774
8774
8774
8774
7292
7292
7292
5201
5201
73952
4186
4186
4186
2110
4186
4186
4186
5519
7261
7261
7261
41860584
2157
8153
8906
7451
5473
5149
1983
